6370 1786
6537 6536
4895 4894
4716 4722
2961 4259
5247 1467
3592 3590
3083 211
2674 2673
4870 6790
4149 4147
4114 4118
5165 5163
6202 6206
5556 5555
3855 3858
2316 2319
3163 6848
4941 4942
5764 5763
4616 4615
3980 3981
3435 3433
6619 6621
5891 5889
3461 5216
585 4857
4990 4988
5380 5383
6667 6670
6582 6583
4348 4347
6264 6265
4070 4068
3772 3778
2158 2157
4967 4680
6868 6869
5184 5186
2324 2323
2772 189
5131 5134
6540 6542
1254 1252
6726 6728
4343 4342
4145 4141
4734 2662
3963 5140
4038 4037
2701 4356
3975 3973
2645 4331
2071 2074
3144 2769
884 882
2892 2891
1119 1124
6181 6178
865 864
3052 3069
4462 3614
5243 5239
906 6039
6866 6863
2726 2728
2411 2412
3602 3598
883 884
6714 6715
3354 3351
4458 4459
4559 4558
6702 5457
4047 4046
3582 4840
1417 1418
4013 4014
6189 6187
5326 5328
5217 5215
1211 3860
2870 4419
3412 4256
6041 6045
2486 6237
3454 3408
52 830
2685 2684
6825 6824
6559 6561
4943 4944
547 548
2153 2816
2901 2899
3182 3177
3124 3129
3364 3363
2816 2152
1134 1131
