206 1 
216 111 
305 47 
397 56 
574 4 
702 221 
823 77 
872 5 
1212 237 
1343 1240 
1424 1419 
1616 3005 
1684 151 
2077 57 
2158 3008 
2295 321 
2315 8 
2348 1712 
2433 193 
2897 2680 
2905 1827 
2937 322 
2968 5 
2990 2871 
3091 5935 
3159 3149 
3163 230 
3272 2728 
3319 3 
3421 1843 
3754 807 
4035 63 
4037 224 
4116 10504 
4187 638 
4287 247 
4337 249 
4525 1141 
4575 2373 
4693 121 
4838 1610 
4996 37 
5008 66 
5239 66 
5395 36 
5584 747 
5610 997 
6492 236 
6514 1013 
6662 149 
6670 2437 
6817 2132 
6835 1331 
7367 10 
7482 839 
7588 4 
7662 37 
7848 2900 
8006 8 
8147 4 
8169 10 
9039 2056 
9145 3475 
9152 4513 
9172 8357 
9218 41 
9624 36 
10288 240 
10369 12066 
10519 8 
10553 122 
10564 7 
10603 12926 
10659 690 
10768 7592 
10792 563 
10852 1127 
10923 447 
11285 13479 
11338 4414 
11406 4592 
11443 2141 
11778 10761 
12042 2159 
12047 6638 
12266 6151 
12524 5428 
12601 7251 
12883 920 
12908 2783 
13046 1827 
13113 72 
13455 27 
13481 7139 
13655 8237 
13764 5629 
13801 12556 
14304 2500 
14729 13406 
14781 246 
